DATE	PLOT_ID	QUADRAT_Direction	QUAD_ID	Aca_ovi	Air_sp.	Ant_sca	Ari_ram	Art_fim	Asp_con	Aus_big	Aus_den	Aus_sca	Ave_sp.	Bot_mac	Bri_min	Bro_dia	Bro_hor	Bro_rub	Car_bre	Car_inv	Car_sp.	Car_lan	Cen_ery	Cen_ten	Cha_dru	Che_sie	Chei_sp	Chl_tru	Cho_jun	Chr_api	Cir_vul	Con_ang	Cra_sie	Cym_law	Cyn_sua	Des_var	Dic_cri	Dic_sp.	Enn_nig	Era_bro	Era_sp.	Ery_ovi	Euc_jap	Euc_sph	Eup_dal	Gal_div	Gal_sp.	Gam_cal	Gam_pur	Gam_sp.	Gly_cla	Gly_tab	Goo_pin	Hal_het	Hor_sp.	Hyp_gra	Hyp_per	Hyp_gla	Hyp_rad	Jun_sp.	Jun_sub	Lep_squ	Lin_pel	Lina_sp	Lin_tri	Lom_bra	Lom_fil	Lom_cor	Lom_mul	Lyt_hys	Mic_sti	Mic_sp.	Myo_dis	Nas_tri	Oxa_per	Pan_eff	Pet_nan	Pim_cur	Pla_lan	Pla_var	Poa_sie	Psi_inc	Rum_bro	Ryt_cae	Ryt_car	Ryt_lae	Ryt_rac	Ryt_sp.	Ryt_sp3	Ryt_sp2	Ryt_sp4	San_min	Sch_apo	Sen_sp.	Sol_dom	Son_ole	Son_sp.	The_tri	Tol_bar	Tra_por	Tri_ela	Tri_arv	Tri_cam	Tri_dub	Tri_glo	Tri_sp.	Tri_str	Tri_sub	Tri_pyg	Uni_gsp	Uni_sp2	Uni_sp. 	Vit_cun	Vit_gre	Vit_gra	Vit_mue	Vul_sp.	Wah_com	Wah_lut	Wah_sp.	Wah_sp2	Wah_str	Wur_dio	Zor_dyc
8-11-2018	J1	A	J1A	0	0	0	2	0	0	5	0	0	0	11	0	0	2	0	0	0	0	0	0	0	6	0	0	0	5	0	0	0	0	0	0	0	0	0	1	0	0	11	0	0	0	0	0	0	0	0	0	0	0	0	0	0	0	1	0	0	0	0	0	0	0	0	0	3	0	0	0	0	0	0	2	3	1	0	0	0	0	0	0	0	W	0	0	0	0	0	0	0	0	0	0	0	0	0	0	0	1	6	0	0	1	0	0	0	0	0	0	0	0	0	0	0	W	2	0	0	0	0	0	0
8-11-2018	J1	B	J1B	0	0	14	3	0	0	3	0	0	0	W	0	0	0	0	0	0	0	0	0	0	0	0	0	0	0	14	0	0	0	0	0	0	0	0	0	0	0	6	0	0	0	0	0	0	0	0	0	1	0	0	0	0	0	4	0	0	0	0	0	0	0	0	0	0	0	0	0	0	0	0	0	6	2	0	0	10	0	0	0	0	X	5	0	0	0	0	W	0	0	0	0	0	0	0	0	1	0	0	0	0	0	0	0	6	0	0	0	0	0	0	0	0	7	2	12	0	0	0	0	0
8-11-2018	J1	C	J1C	0	0	5	2	0	0	12	0	0	0	W	0	0	0	0	0	0	0	0	0	0	3	0	0	0	0	32	0	0	0	0	0	10	0	0	0	0	0	3	0	0	0	0	0	0	0	0	0	0	0	0	0	0	0	0	0	0	0	0	0	0	0	0	0	1	0	0	0	0	0	0	1	W	0	0	0	1	0	0	0	0	X	15	0	0	0	0	W	0	0	0	0	0	0	0	0	0	0	0	0	0	0	0	0	6	0	0	0	0	0	0	0	6	0	1	0	0	0	0	0	0
8-11-2018	J2	A	J2A	0	0	8	3	0	0	8	0	0	0	W	0	0	0	0	0	0	0	0	0	0	0	0	0	0	0	8	0	0	0	0	0	0	0	0	0	0	0	3	0	0	0	0	0	0	0	0	0	0	0	0	1	0	0	0	0	0	0	0	0	0	0	0	0	1	0	0	0	0	0	0	0	3	0	0	0	0	0	0	0	0	W	7	0	0	0	0	0	0	0	0	0	0	0	0	0	0	4	0	0	0	0	0	0	0	0	0	0	0	0	0	0	0	2	0	0	0	0	0	0	0
8-11-2018	J2	B	J2B	0	0	2	6	0	0	12	0	0	0	W	0	0	0	0	0	0	0	0	0	0	0	0	0	0	0	23	0	0	0	0	0	0	0	0	0	0	0	1	0	0	0	0	0	0	0	0	0	0	0	0	0	0	0	1	3	0	0	0	0	0	0	0	0	0	0	0	0	0	0	0	0	2	0	0	0	0	0	0	0	0	W	4	0	0	0	0	2	0	0	0	0	0	0	0	0	0	8	0	0	0	0	0	0	0	0	0	0	0	0	0	0	1	1	0	0	0	0	0	0	0
8-11-2018	J2	C	J2C	0	0	2	5	0	0	3	0	0	0	W	0	0	0	0	0	0	0	0	0	0	0	1	0	0	0	0	0	0	0	0	0	6	0	0	0	0	0	3	0	0	0	0	0	0	0	0	0	0	0	0	0	0	0	0	3	0	0	0	0	0	0	0	0	0	0	0	0	0	0	0	0	3	0	1	0	0	0	0	0	0	Y	2	0	0	0	0	W	0	0	0	0	0	0	0	0	0	1	0	0	0	0	0	0	0	0	0	0	0	0	0	0	2	0	0	7	0	0	0	0	0
8-11-2018	J3	A	J3A	0	4	0	0	0	0	0	0	0	0	0	0	0	0	0	0	0	0	0	0	0	0	0	0	0	2	6	0	0	0	0	0	0	0	0	0	0	0	4	0	0	0	0	0	0	0	0	0	0	0	0	0	0	0	0	0	0	0	0	0	0	0	0	0	0	0	0	0	0	0	0	0	0	0	0	0	0	0	0	0	0	11	W	0	0	0	0	0	0	0	0	0	0	0	0	0	0	0	0	0	0	0	0	0	0	0	0	0	0	0	0	0	0	W	0	0	0	0	0	0	0
8-11-2018	J3	B	J3B	0	0	0	0	0	0	0	0	0	0	0	0	0	0	0	0	0	0	0	0	0	0	0	0	0	0	18	0	0	0	0	0	0	0	0	0	0	0	7	0	0	0	0	0	0	0	0	0	0	0	0	0	0	0	0	0	0	0	0	0	0	0	0	0	0	0	0	0	0	0	0	0	0	1	0	0	145	0	0	0	0	X	0	0	W	0	0	3	0	0	0	1	0	0	0	0	0	0	0	0	0	0	0	0	0	0	0	0	0	0	0	0	0	0	0	4	0	0	0	0	0
8-11-2018	J3	C	J3C	0	0	1	0	0	0	0	0	3	0	0	0	0	0	0	0	0	0	0	0	0	0	0	0	0	2	13	0	1	0	0	0	3	0	0	1	0	0	5	0	0	0	0	0	0	0	0	0	0	0	0	0	0	0	0	0	0	0	0	0	0	0	0	0	0	0	0	0	0	0	0	1	6	0	0	0	0	0	0	0	0	X	0	0	0	0	0	W	0	0	0	5	0	0	0	0	0	3	0	0	0	0	0	0	0	0	0	0	0	0	0	0	0	0	6	23	0	0	0	0	0
6-11-2018	J4	A	J4A	0	0	W	2	0	0	4	0	0	0	4	0	0	0	0	0	0	0	0	0	0	0	0	0	0	0	3	0	0	0	0	0	0	0	0	2	0	0	29	0	0	0	0	0	0	0	0	0	0	34	0	0	0	0	1	0	0	0	0	0	0	0	0	0	0	0	0	0	0	0	0	0	0	0	0	0	0	0	0	0	0	5	0	0	0	0	0	0	0	0	0	0	0	0	0	0	1	3	0	0	0	1	0	0	0	2	0	0	0	0	0	0	4	8	0	0	0	0	0	0	0
6-11-2018	J4	B	J4B	0	0	1	0	0	0	5	0	0	0	0	0	0	0	0	0	0	0	0	0	0	0	1	0	0	0	0	0	4	0	0	0	0	0	0	0	0	0	31	0	0	0	0	0	0	0	0	0	0	0	0	0	0	0	0	0	0	0	0	0	0	0	0	0	2	0	0	0	0	0	0	10	0	0	0	0	0	0	0	0	0	X	4	0	0	0	0	0	0	0	0	0	0	0	0	0	0	6	0	0	0	0	0	0	0	0	0	0	0	0	0	0	1	0	0	0	0	0	0	0	0
6-11-2018	J4	C	J4C	0	0	0	8	0	0	11	0	0	0	2	0	0	0	0	0	0	0	0	0	0	0	0	0	0	0	12	0	0	0	0	0	5	0	0	1	0	0	41	0	0	0	0	0	0	0	0	0	2	16	0	0	0	0	0	0	0	0	0	0	0	0	0	0	3	0	0	0	0	0	0	4	7	0	0	0	0	0	0	0	0	X	0	0	0	0	0	0	0	0	0	0	0	0	0	0	0	20	0	0	0	0	0	0	0	0	0	0	0	0	0	0	6	0	0	7	0	0	0	0	0
5-11-2018	J5	A	J5A	0	W	3	0	0	0	10	0	0	4	1	0	0	2	0	0	0	0	0	0	0	0	0	0	0	0	2	0	1	0	0	0	0	0	0	0	0	0	4	0	0	0	0	0	0	0	0	0	0	0	0	0	0	0	0	0	1	0	0	0	0	0	0	0	3	0	0	0	0	0	0	0	1	0	0	0	0	0	0	0	0	2	0	0	0	0	0	0	0	0	0	0	0	0	0	0	0	1	0	0	0	0	0	0	1	0	0	0	0	0	0	0	0	W	3	0	0	0	0	0	0
5-11-2018	J5	B	J5B	0	0	0	1	0	0	14	0	7	0	0	0	0	0	0	0	0	0	0	0	0	0	0	0	0	0	5	0	0	0	0	0	0	0	0	0	0	0	1	0	0	0	0	0	0	0	0	0	0	27	0	0	0	0	0	3	0	0	0	0	0	0	0	0	5	0	0	0	0	0	0	0	8	0	0	0	0	0	0	0	0	W	8	0	0	0	0	0	0	0	0	6	0	0	0	0	1	1	0	0	0	0	0	0	0	0	0	0	0	0	0	0	0	0	15	0	0	0	0	0	0
5-11-2018	J5	C	J5C	0	0	1	11	0	0	7	0	0	0	11	0	0	0	0	0	0	0	0	0	0	0	0	0	0	0	15	0	0	0	0	0	8	0	0	0	0	0	7	0	0	0	0	0	0	0	0	0	2	0	0	0	0	0	0	0	0	0	0	0	0	0	0	0	5	0	0	0	0	0	0	0	6	0	0	0	0	0	0	0	0	W	W	0	0	0	0	0	0	0	0	0	0	0	0	0	1	2	0	0	0	0	0	0	0	0	0	0	0	0	0	0	0	0	16	1	0	0	0	0	0
5-11-2018	J6	A	J6A	0	0	1	0	0	0	6	0	3	0	5	0	0	0	0	0	0	0	0	0	0	0	0	0	0	0	0	0	0	0	0	0	0	0	0	0	0	0	18	0	0	0	0	0	0	0	0	0	0	0	0	0	0	0	0	0	0	0	0	0	0	0	0	0	2	0	0	0	0	0	0	1	1	0	0	0	0	0	0	0	0	0	4	0	0	0	0	0	0	0	0	0	0	0	0	0	0	7	0	0	0	0	0	0	0	0	0	0	0	0	0	0	0	5	0	3	0	0	0	0	0
5-11-2018	J6	B	J6B	0	0	7	1	0	0	4	0	1	1	W	0	0	0	0	0	0	0	0	0	0	0	0	0	0	0	3	0	0	0	0	0	0	0	0	3	0	0	3	0	0	0	0	0	0	0	0	0	0	0	0	0	0	0	0	0	0	0	0	0	0	0	0	0	3	0	0	0	0	0	0	3	W	0	0	0	0	0	0	0	0	W	12	0	0	0	0	0	0	0	0	0	0	0	0	0	0	11	0	0	0	0	0	0	0	0	0	0	0	0	0	0	0	0	13	5	0	0	0	0	0
5-11-2018	J6	C	J6C	0	0	3	0	0	0	2	0	2	0	15	0	0	0	0	0	0	0	0	1	0	0	0	0	1	0	14	0	0	0	0	0	1	0	0	2	0	0	11	0	0	0	0	0	0	0	0	0	0	0	0	0	0	0	0	7	0	0	0	0	0	0	0	0	3	0	0	0	0	0	0	1	7	0	0	0	0	0	0	0	0	W	W	0	0	0	0	0	0	0	0	0	0	0	0	0	0	1	0	0	0	0	0	0	0	0	0	0	0	0	0	0	1	0	24	4	0	0	0	0	0
5-11-2018	J7	A	J7A	0	0	1	0	0	0	14	0	0	1	12	0	0	0	0	0	0	0	0	0	0	0	0	0	0	2	2	0	0	0	0	0	0	0	0	0	0	0	12	0	0	0	0	0	0	0	0	0	0	0	0	0	0	0	0	0	0	0	0	0	0	0	0	0	1	0	0	0	0	0	0	0	0	0	0	0	0	0	0	0	0	7	10	0	0	0	0	0	0	0	0	0	0	0	0	0	0	0	0	0	0	0	0	0	0	0	0	0	0	0	0	0	0	0	0	0	0	0	0	0	0
5-11-2018	J7	B	J7B	0	0	0	1	0	0	1	0	0	0	4	0	0	0	0	0	0	0	0	0	0	0	0	0	0	0	1	0	0	0	0	0	0	0	0	1	0	0	9	0	0	0	0	0	0	0	0	0	0	5	0	0	0	0	0	0	0	0	0	0	0	0	0	0	2	0	0	0	0	0	0	0	0	0	0	0	0	0	0	0	0	W	2	0	0	0	0	1	0	0	0	0	0	0	0	0	0	2	0	0	0	0	0	0	0	0	0	0	0	0	0	0	0	0	5	0	0	0	1	0	0
5-11-2018	J7	C	J7C	0	0	2	5	0	0	4	0	0	0	W	0	0	0	0	0	0	0	0	0	0	0	5	0	0	0	18	1	0	0	0	0	2	0	0	0	0	0	3	0	0	0	0	0	0	0	0	0	3	10	0	0	0	0	0	1	0	0	0	0	0	0	0	0	4	0	0	0	0	0	0	1	3	0	0	0	0	0	0	0	0	W	0	0	0	0	0	0	0	0	0	1	0	0	1	0	0	2	0	0	0	0	0	0	0	0	0	0	0	0	0	0	21	0	1	0	0	0	0	0	0
5-11-2018	J8	A	J8A	0	0	2	14	0	0	7	0	0	0	W	0	0	0	0	0	0	0	0	2	0	0	0	0	0	0	16	0	0	0	0	0	3	0	0	1	0	0	20	0	0	0	0	0	0	0	0	0	5	0	0	0	0	0	0	2	0	0	0	0	0	0	0	0	6	0	0	0	0	0	0	0	3	0	0	0	0	0	0	0	0	W	0	0	0	0	0	0	0	0	0	0	0	0	0	0	0	14	0	0	0	0	0	0	0	0	0	0	0	0	0	0	0	0	0	0	0	0	0	0	0
5-11-2018	J8	B	J8B	0	0	W	8	0	0	10	0	0	0	W	0	0	0	0	0	0	0	0	0	0	0	0	0	0	0	1	0	0	0	0	0	0	0	0	1	0	0	4	0	0	0	0	0	0	0	0	0	0	9	0	0	0	0	0	0	0	0	0	0	0	0	0	0	2	0	0	0	0	0	0	0	1	0	0	0	0	0	0	0	0	1	9	0	0	0	0	0	0	0	0	0	0	0	0	0	0	13	0	0	0	0	0	0	0	0	0	0	0	0	0	0	0	0	2	0	0	0	0	0	0
5-11-2018	J8	C	J8C	0	0	6	5	0	0	6	0	0	0	3	0	0	0	0	0	0	0	0	1	0	1	0	0	0	2	12	0	0	0	0	0	0	0	0	1	0	0	1	0	0	0	0	0	0	0	0	0	2	0	0	0	0	0	0	6	0	0	0	0	0	0	0	0	6	0	0	0	0	0	0	0	W	0	0	0	0	0	0	0	0	W	5	0	0	0	0	0	0	0	0	3	0	0	0	0	0	5	0	0	0	0	0	0	0	0	0	0	0	0	0	0	2	0	25	0	0	0	0	0	0
16-11-2018	M1	A	M1A	0	W	1	0	15	0	3	0	0	0	1	1	0	W	0	0	0	0	1	0	0	0	0	0	0	0	0	2	1	0	0	0	0	0	0	0	0	0	0	0	0	0	0	0	0	0	0	0	0	53	0	0	0	0	0	4	0	0	0	0	0	0	0	0	1	0	0	2	0	0	1	0	0	0	0	1	16	0	0	0	0	0	0	0	0	0	0	0	0	0	0	0	0	0	0	0	0	13	0	0	0	1	0	8	15	0	0	0	0	0	0	0	0	W	0	3	0	0	0	0	0
16-11-2018	M1	B	M1B	0	1	3	0	49	3	W	0	0	0	W	0	0	15	0	0	0	0	0	0	0	1	0	0	0	0	0	0	1	0	0	0	0	0	0	6	0	0	0	0	0	0	0	0	0	0	0	0	1	20	0	0	0	0	0	5	0	0	0	0	0	0	0	0	1	0	0	0	0	0	0	0	7	0	0	4	114	0	0	0	0	0	0	0	0	2	0	0	0	0	0	1	0	0	0	0	0	3	0	0	0	0	0	1	5	0	0	0	0	0	0	1	0	0	0	2	0	0	0	0	0
16-11-2018	M1	C	M1C	0	0	10	0	8	0	13	0	0	0	W	0	0	0	0	0	0	0	0	0	0	0	0	0	0	0	0	0	0	0	0	0	1	0	0	0	0	0	0	0	0	0	0	0	0	0	0	0	0	10	0	0	0	0	0	0	0	0	0	0	0	0	0	0	13	0	0	0	0	0	0	2	15	0	0	5	21	0	0	0	X	0	0	0	0	1	0	0	0	0	0	0	0	0	3	0	0	15	0	0	0	0	0	0	4	0	0	0	0	0	0	2	0	0	0	0	0	0	0	0	0
9-11-2018	M2	A	M2A	0	W	9	0	0	0	5	0	0	0	7	4	0	0	0	0	0	0	0	0	0	0	0	0	0	0	17	0	0	0	3	9	0	0	0	0	0	0	16	0	0	0	0	0	0	0	0	0	1	1	1	0	0	0	0	10	0	0	4	0	0	0	0	0	0	0	0	0	0	0	0	1	0	0	0	0	0	0	0	0	0	5	0	0	0	2	0	0	0	0	0	0	0	0	0	0	0	3	0	W	0	2	0	2	1	0	0	0	0	0	0	0	16	X	1	0	0	0	0	0	0
9-11-2018	M2	B	M2B	1	0	5	0	0	7	W	0	0	0	W	0	0	0	0	0	0	0	0	0	0	0	1	0	0	0	6	0	9	0	0	0	0	0	0	0	0	0	19	0	0	0	0	0	0	0	0	0	0	13	0	0	0	0	0	2	0	0	4	0	0	0	2	0	0	0	0	0	0	0	0	0	0	0	0	0	0	0	0	0	0	W	0	0	0	W	0	0	0	0	0	0	0	0	3	0	0	4	0	0	0	0	0	0	1	0	0	0	0	0	0	0	8	0	0	0	0	0	0	0	0
9-11-2018	M2	C	M2C	0	0	2	0	0	5	6	0	0	0	W	0	0	0	0	0	0	2	0	0	0	0	0	0	0	0	15	0	6	0	0	0	20	0	0	0	0	0	11	0	0	0	0	0	0	0	0	0	8	0	0	0	0	14	0	8	0	0	0	0	0	0	0	0	1	0	0	0	0	0	0	1	0	7	0	1	0	0	0	0	0	W	0	0	0	W	0	0	0	0	0	2	0	0	8	0	0	7	0	0	0	0	0	1	0	0	0	0	0	0	0	0	17	0	0	11	0	0	0	0	0
9-11-2018	M3	A	M3A	0	X	4	0	0	0	5	0	0	0	10	9	0	0	0	0	0	0	0	0	0	0	0	0	0	0	15	0	2	0	1	0	3	0	0	0	0	1	19	0	0	0	0	0	0	0	0	0	0	3	0	0	0	0	0	3	0	0	0	0	0	0	0	0	0	0	0	4	0	0	0	0	2	1	0	1	0	0	0	0	0	3	0	0	0	W	0	0	0	0	0	0	0	0	8	0	1	0	1	8	0	2	0	0	2	0	0	0	0	0	0	0	4	X	0	20	0	0	0	1	0
9-11-2018	M3	B	M3B	2	0	13	0	0	0	7	0	0	0	W	0	0	0	0	0	0	0	0	0	0	0	0	0	0	0	15	0	11	0	0	0	1	0	0	0	0	0	21	0	0	0	0	0	0	0	0	0	0	3	0	0	0	0	0	0	0	0	0	0	0	0	0	0	0	0	0	0	0	0	0	1	4	1	0	0	0	0	0	0	0	W	0	0	0	X	0	0	0	0	0	5	0	0	0	0	0	6	0	0	0	0	0	0	3	0	0	0	0	0	0	0	7	0	0	20	0	0	0	0	0
9-11-2018	M3	C	M3C	0	0	4	0	0	0	0	0	0	0	W	0	0	0	0	0	0	0	0	3	0	0	0	0	0	0	8	0	0	0	0	0	3	0	0	0	0	0	9	0	0	0	0	0	0	0	0	0	3	22	0	0	0	3	0	3	0	0	0	0	0	0	0	0	0	0	0	0	0	0	0	0	0	0	0	0	0	0	0	0	0	2	0	0	0	X	0	9	0	0	0	12	0	0	0	0	0	9	0	0	0	0	0	0	0	0	0	0	0	0	0	0	20	0	0	52	0	0	0	0	0
15-11-2018	M4	A	M4A	0	X	3	0	0	8	12	0	0	0	W	9	0	4	0	0	0	0	0	4	0	2	0	0	1	0	14	0	0	0	1	0	0	0	0	1	0	0	10	0	0	0	0	0	0	0	0	0	0	1	0	0	0	0	0	13	0	0	0	0	0	0	0	0	0	0	0	W	0	0	0	2	5	0	0	0	0	0	0	0	0	7	0	7	0	0	0	0	0	0	0	0	1	0	0	0	0	10	4	7	1	7	0	W	3	0	0	0	0	0	0	0	3	X	0	0	1	0	0	1	0
15-11-2018	M4	B	M4B	0	0	4	0	0	2	14	0	0	0	W	0	0	0	0	0	0	1	0	0	0	0	0	0	0	0	33	0	0	0	0	0	0	0	0	0	0	0	38	0	0	0	0	0	0	0	0	0	0	26	0	0	0	0	0	4	0	0	0	0	0	0	0	0	0	0	0	0	0	0	0	0	10	0	0	1	0	0	0	0	0	W	0	4	0	0	0	0	0	0	0	1	0	0	0	0	0	3	0	0	0	0	0	0	2	0	0	0	0	0	0	0	3	0	0	0	2	0	0	0	0
15-11-2018	M4	C	M4C	0	0	3	0	0	0	5	0	0	0	0	0	0	0	0	0	0	0	0	0	0	1	2	0	0	0	32	0	2	0	1	0	2	0	0	0	0	0	4	0	0	0	0	0	0	0	0	0	4	26	0	0	0	0	0	5	0	0	0	0	0	0	0	0	0	0	0	0	0	0	0	2	W	0	0	12	0	0	0	0	0	2	0	0	0	10	0	0	0	0	0	7	0	0	0	0	0	5	0	0	0	0	0	0	3	0	0	0	0	0	0	0	2	W	6	1	0	0	0	0	0
15-11-2018	M5	A	M5A	0	W	5	0	0	0	0	0	0	0	W	0	0	0	0	0	0	0	0	0	0	0	0	0	0	0	0	0	0	0	0	0	0	0	0	0	0	0	15	0	0	0	0	0	0	0	0	0	0	11	0	0	0	0	0	0	0	0	24	0	0	0	0	0	0	0	0	1	0	0	0	0	1	0	0	0	0	0	W	0	0	2	0	1	0	0	0	0	0	0	0	0	0	0	0	0	0	0	1	15	0	1	0	1	0	0	0	0	0	0	0	0	0	X	0	1	0	0	0	0	0
15-11-2018	M5	B	M5B	0	0	1	1	0	0	0	0	0	0	W	0	0	0	0	0	0	0	0	25	0	0	0	0	0	0	17	0	0	0	0	0	0	0	0	0	0	0	61	0	0	0	0	0	0	0	0	0	0	0	7	0	0	0	0	4	0	0	21	0	0	0	0	0	0	0	0	4	0	0	0	0	3	0	0	1	0	0	0	0	0	X	0	5	0	2	0	0	0	0	0	19	0	0	0	0	0	0	2	0	0	0	0	0	1	0	0	0	0	0	0	0	11	0	0	14	0	0	0	0	0
15-11-2018	M5	C	M5C	0	0	1	0	0	0	W	0	0	0	2	0	0	14	0	0	0	0	0	2	0	0	0	0	0	0	28	0	0	0	0	0	0	0	0	0	0	0	4	0	0	0	0	0	0	0	0	0	2	21	0	0	0	0	2	27	0	0	11	0	0	0	0	0	0	0	0	0	0	0	0	0	5	0	0	0	0	0	0	0	0	W	0	2	0	1	0	0	0	0	0	2	0	0	1	0	0	2	0	0	0	0	0	1	2	0	0	0	0	0	0	0	3	4	0	11	0	0	0	0	0
16-11-2018	M6	A	M6A	0	5	15	0	0	0	2	0	0	1	W	0	0	0	0	0	0	0	0	0	0	0	0	0	0	1	7	0	0	0	3	0	0	0	0	0	0	0	1	0	0	0	0	0	0	0	0	0	0	9	0	0	0	0	0	1	0	0	1	0	0	0	0	0	2	0	0	0	0	0	0	0	0	2	0	0	0	0	6	0	0	7	0	0	0	9	0	0	0	0	0	0	0	0	3	0	0	0	0	5	0	3	0	14	0	4	0	0	0	0	0	0	7	X	71	33	0	0	0	0	0
16-11-2018	M6	B	M6B	0	0	2	0	0	0	1	0	0	0	W	0	0	0	0	0	0	0	0	11	0	0	0	0	0	0	29	0	0	0	0	0	0	0	0	0	0	0	38	0	0	0	0	0	0	0	0	0	1	17	0	0	0	0	0	1	0	0	0	0	0	0	0	2	0	0	0	0	0	0	0	0	3	0	0	0	0	2	0	0	0	W	0	2	0	10	0	16	0	12	0	7	0	0	6	0	0	0	0	0	0	0	0	0	1	0	0	0	0	0	0	0	0	0	0	16	0	0	0	0	0
16-11-2018	M6	C	M6C	0	0	5	0	0	0	W	0	0	0	9	0	0	0	0	0	0	0	0	24	0	0	0	0	0	0	30	0	0	0	1	0	1	0	0	0	0	0	17	0	0	0	0	0	0	0	0	0	2	1	0	0	0	0	0	1	0	0	1	0	0	0	0	0	1	0	0	0	0	0	0	0	0	0	0	0	0	0	0	0	0	W	0	1	0	1	0	1	0	1	0	5	0	0	X	0	0	0	0	0	0	0	0	0	0	0	0	0	0	0	0	0	0	0	15	25	0	0	0	0	0
16-11-2018	M7	A	M7A	0	W	W	0	0	0	W	0	0	0	W	0	0	0	0	0	0	0	0	0	0	0	0	0	0	0	4	0	0	0	0	0	0	0	0	0	0	0	43	0	12	0	0	0	0	0	0	0	0	9	0	0	0	0	0	0	0	0	0	0	0	0	0	0	0	0	1	0	0	0	0	0	3	3	0	0	0	0	0	0	0	0	0	1	0	16	0	0	0	0	0	0	0	0	1	0	0	0	0	1	0	0	0	0	1	6	0	0	0	0	0	0	0	W	3	4	0	0	0	0	0
16-11-2018	M7	B	M7B	0	0	9	0	0	49	W	0	0	0	W	0	0	1	0	0	0	26	0	2	0	0	0	0	0	0	6	0	2	0	4	0	1	0	0	0	0	0	5	0	0	0	0	0	0	0	0	0	0	0	2	0	0	0	0	0	0	0	7	0	0	0	0	0	0	0	0	1	0	0	0	2	6	2	0	0	0	0	0	0	0	W	0	5	0	0	0	8	0	0	0	0	0	0	0	11	0	0	0	1	0	0	0	1	0	5	0	0	0	0	0	0	9	W	7	20	0	0	0	0	0
16-11-2018	M7	C	M7C	0	1	1	0	0	12	W	0	0	0	X	0	0	0	0	0	0	0	0	4	0	0	0	0	0	0	20	0	0	0	1	0	0	0	0	0	0	0	2	0	0	0	0	0	0	0	0	0	1	0	2	0	0	0	0	2	0	0	0	0	0	0	0	0	0	0	0	0	0	0	1	3	0	0	0	19	0	0	0	0	0	W	0	0	0	4	0	W	0	0	0	0	0	0	9	0	0	0	0	0	0	0	0	2	0	0	0	0	0	0	0	0	43	0	9	0	0	0	0	0	0
15-11-2018	M8	A	M8A	0	W	W	0	0	0	0	0	0	4	7	0	0	0	0	0	0	0	0	0	0	0	0	0	0	0	0	0	0	0	0	0	0	0	0	0	0	0	3	0	0	0	0	0	0	0	0	0	0	1	0	0	0	0	0	5	0	0	21	0	0	0	0	0	0	0	0	0	0	0	0	1	0	0	0	0	0	0	0	0	0	0	0	0	0	2	0	0	0	0	0	1	0	0	W	0	0	2	0	6	0	1	0	12	3	0	0	0	0	0	0	0	0	X	1	3	0	0	0	0	0
15-11-2018	M8	B	M8B	1	4	2	0	0	0	0	0	2	0	W	0	0	1	0	0	0	0	0	19	0	0	0	0	0	0	15	0	0	0	0	0	0	0	0	0	7	0	33	0	0	0	0	0	0	0	0	0	0	11	1	0	0	1	0	14	0	0	20	0	0	0	0	0	1	0	0	0	0	0	0	0	6	0	0	0	17	0	1	0	0	X	0	0	0	4	0	2	0	1	0	23	0	0	W	0	0	0	0	3	0	0	0	0	11	0	0	0	0	0	0	0	12	0	5	6	0	0	0	0	0
15-11-2018	M8	C	M8C	0	0	5	0	0	0	4	0	0	0	12	0	0	0	0	0	0	1	0	0	0	0	0	0	0	0	14	0	1	0	0	0	0	0	0	0	0	0	10	0	0	0	0	0	0	0	0	0	5	51	3	0	0	0	0	1	0	0	22	0	0	0	0	0	0	0	0	0	0	0	0	0	0	0	0	0	0	0	0	0	0	X	0	2	0	0	0	0	0	0	0	0	0	0	W	0	0	0	0	0	0	0	0	0	0	0	0	0	0	0	0	0	2	0	3	13	0	0	0	0	0
